[92, 2, 2, 2, 2, 2, 2, 2, 2, 5, 3, 2]
 [85, 2, 2, 2, 2, 2, 2, 2, 2, 3, 2, 3, 2]
 [85, 2, 2, 2, 2, 2, 2, 2, 2, 3, 2, 3, 2]
 [88, 2, 2, 2, 2, 2, 2, 2, 2, 3, 2, 3, 2, 4, 2, 2]
 [88, 2, 2, 2, 2, 2, 2, 2, 2, 3, 2, 3, 2, 4, 2, 2]
 [88, 2, 2, 2, 2, 2, 2, 2, 2, 3, 2, 3, 2, 4, 2, 2]
 [79, 6, 2, 2, 2, 2, 2, 2, 2, 2, 3, 2, 3, 2, 4, 2, 2]
 [79, 6, 2, 2, 2, 2, 2, 2, 2, 2, 3, 2, 3, 2, 4, 2, 2]
 [83, 6, 2, 2, 2, 2, 2, 2, 2, 2, 3, 2, 5, 4, 2, 2, 2]
 [83, 6, 2, 2, 2, 2, 2, 2, 2, 2, 3, 2, 5, 4, 2, 2, 2]
 [85, 2, 2, 2, 2, 2, 2, 2, 2, 3, 2, 6, 4, 2, 2, 2, 2, 2]
 [85, 2, 2, 2, 2, 2, 2, 2, 2, 3, 2, 6, 4, 2, 2, 2, 2, 2]
 [90, 2, 2, 2, 2, 2, 2, 2, 2, 3, 2, 6, 4, 2, 2, 2, 3, 2]
 [2, 85, 2, 2, 2, 2, 2, 2, 3, 2, 6, 4, 2, 2, 2, 3, 2]
 [2, 87, 2, 2, 2, 2, 2, 2, 3, 2, 6, 4, 2, 2, 3, 3, 2, 2, 2]
 [2, 87, 2, 2, 2, 2, 2, 2, 3, 2, 6, 4, 2, 2, 3, 3, 2, 2, 2]
 [2, 87, 2, 2, 2, 2, 2, 2, 3, 2, 6, 4, 2, 2, 3, 3, 2, 2, 2]
 [90, 2, 2, 2, 2, 3, 2, 3, 2, 7, 4, 2, 2, 3, 3, 2, 2, 2]
 [85, 2, 2, 2, 3, 2, 3, 2, 7, 4, 2, 2, 3, 3, 2, 2, 2]
 [88, 2, 2, 2, 3, 2, 3, 2, 7, 4, 2, 2, 3, 4, 2, 2, 2, 2]
 [88, 2, 2, 2, 3, 2, 3, 2, 7, 4, 2, 2, 3, 4, 2, 2, 2, 2]
 [91, 2, 2, 2, 4, 2, 3, 2, 7, 4, 2, 2, 3, 4, 2, 2, 2, 2, 2]
 [86, 2, 2, 2, 4, 2, 3, 2, 2, 7, 4, 2, 2, 3, 4, 2, 2, 2, 2, 2]
 [86, 2, 2, 2, 4, 2, 3, 2, 2, 7, 4, 2, 2, 3, 4, 2, 2, 2, 2, 2]
 [83, 2, 2, 2, 4, 2, 2, 3, 2, 2, 7, 4, 2, 2, 4, 4, 2, 2, 3, 2, 2, 2, 2, 2, 2]
 [83, 2, 2, 2, 4, 2, 2, 3, 2, 2, 7, 4, 2, 2, 4, 4, 2, 2, 3, 2, 2, 2, 2, 2, 2]
 [85, 2, 2, 2, 5, 2, 2, 3, 2, 2, 7, 4, 2, 2, 5, 4, 2, 2, 3, 2, 3, 2, 2, 2, 2]
 [2, 81, 2, 5, 2, 2, 3, 2, 2, 8, 4, 2, 2, 5, 5, 2, 2, 4, 2, 3, 2, 2, 3, 3, 2]
 [2, 81, 2, 5, 2, 2, 3, 2, 2, 8, 4, 2, 2, 5, 5, 2, 2, 4, 2, 3, 2, 2, 3, 3, 2]
 [79, 2, 5, 2, 2, 3, 2, 2, 8, 4, 2, 2, 5, 5, 2, 2, 4, 2, 3, 2, 2, 3, 3, 2]
 [79, 2, 5, 2, 2, 3, 2, 2, 8, 4, 2, 2, 5, 5, 2, 2, 4, 2, 3, 2, 2, 3, 3, 2]
 [8, 77, 2, 2, 2, 3, 2, 2, 8, 4, 2, 2, 5, 5, 2, 2, 4, 2, 3, 2, 2, 4, 2, 2]
 [8, 77, 2, 2, 2, 3, 2, 2, 8, 4, 2, 2, 5, 5, 2, 2, 4, 2, 3, 2, 2, 4, 2, 2]
 [73, 2, 2, 7, 2, 3, 2, 2, 8, 4, 2, 2, 5, 5, 2, 2, 6, 3, 2, 2, 4, 2, 2, 2, 2, 2, 2]
 [89, 2, 2, 7, 2, 3, 2, 2, 4, 2, 2, 8, 2, 2, 6, 3, 2, 4, 2, 2, 2, 2, 2]
 [85, 2, 7, 2, 3, 2, 2, 4, 2, 2, 8, 2, 2, 6, 3, 2, 4, 2, 2, 2, 2, 2]
 [98, 2, 7, 2, 3, 2, 2, 4, 2, 2, 2, 2, 7, 3, 3, 4, 2, 2, 2, 2, 2]
 [98, 2, 7, 2, 3, 2, 2, 4, 2, 2, 2, 2, 7, 3, 3, 4, 2, 2, 2, 2, 2]
 [104, 2, 7, 2, 3, 2, 2, 2, 2, 2, 2, 7, 3, 3, 5, 2, 2, 2, 2, 2, 2, 2]
 [7, 98, 2, 3, 2, 2, 2, 2, 2, 2, 7, 3, 3, 5, 2, 2, 2, 2, 2, 2, 2]
 [7, 111, 2, 3, 2, 2, 2, 2, 2, 2, 3, 3, 2, 3, 2, 2, 2, 3, 3]
 [2, 108, 4, 2, 2, 2, 2, 2, 2, 3, 3, 2, 3, 2, 2, 2, 3, 3]
 [2, 108, 4, 2, 2, 2, 2, 2, 2, 3, 3, 2, 3, 2, 2, 2, 3, 3]
 [2, 113, 4, 2, 2, 2, 2, 2, 2, 3, 3, 2, 3, 2, 2, 2, 4]
 [2, 119, 2, 2, 2, 2, 3, 3, 2, 2, 2, 4, 2]
 [2, 119, 2, 2, 2, 2, 3, 3, 2, 2, 2, 4, 2]
 [115, 2, 2, 2, 2, 6, 3, 3, 2, 2, 2, 4, 2]
 [115, 2, 2, 2, 2, 6, 3, 3, 2, 2, 2, 4, 2]
 [115, 2, 2, 2, 2, 6, 3, 3, 2, 2, 2, 4, 2]
 [115, 2, 2, 2, 2, 6, 3, 7, 2, 2, 2]
 [117, 2, 2, 2, 2, 6, 3, 8, 2, 2, 2, 2]
 [2, 112, 2, 2, 6, 3, 8, 2, 2, 2, 2]
 [2, 113, 2, 2, 6, 3, 11, 2, 2, 2, 2, 2]
 [2, 121, 2, 2, 3, 11, 2, 2, 2, 2, 2, 2, 2]
 [2, 121, 2, 2, 3, 11, 2, 2, 2, 2, 2, 2, 2]
 [2, 121, 2, 2, 3, 11, 2, 2, 2, 2, 2, 2, 2, 2]
 [116, 2, 2, 2, 3, 11, 2, 2, 2, 2, 2, 2, 2, 2]
 [122, 2, 2, 2, 3, 11, 2, 2, 2, 2, 2, 2]
 [117, 2, 2, 3, 11, 2, 2, 2, 2, 2, 2]
 [117, 2, 2, 3, 11, 2, 2, 2, 2, 2, 2]
 [119, 2, 3, 11, 2, 2, 2, 2, 2]
 [119, 2, 3, 11, 2, 2, 2, 2, 2]
 [126, 3, 3, 2, 2, 2, 2, 3, 2, 2]
 [133, 3, 3, 2, 2, 2, 2, 3, 2, 2]
 [133, 3, 3, 2, 2, 2, 2, 3, 2, 2]
 [128, 3, 2, 2, 2, 2, 2, 3, 2, 2]
 [128, 3, 2, 2, 2, 2, 2, 3, 2, 2]
 [123, 3, 2, 2, 2, 2, 2, 2, 3, 3, 2, 2]
 [123, 3, 2, 2, 2, 2, 2, 2, 3, 3, 2, 2]
 [125, 2, 2, 2, 2, 2, 2, 3, 3, 2, 2]
 [125, 2, 2, 2, 2, 2, 2, 3, 3, 2, 2]
 [130, 2, 2, 2, 2, 2, 2, 3, 4, 2]
 [123, 2, 2, 2, 2, 2, 2, 2, 3, 4, 2]
 [126, 2, 2, 2, 2, 2, 2, 2, 4, 4, 2]
 [123, 2, 2, 2, 2, 2, 4, 4, 2]
 [118, 2, 2, 2, 4, 4, 2]
 [120, 2, 2, 2, 4, 5, 2]
 [120, 2, 2, 2, 4, 5, 2]
 [128, 2, 2, 2, 4, 2, 2]
 [124, 2, 2, 4, 2, 2]
 [128, 2, 4, 2, 2]
 [124, 4, 2, 2]
 [120, 4, 2, 2]
 [125, 4, 2, 2]
 [120, 4, 2, 2, 2]
 [120, 4, 2, 2, 2, 2, 2, 2, 2, 2, 2, 2, 2]
 [122, 4, 2, 2, 2, 2, 2, 2, 2, 2, 2, 2, 2]
 [127, 4, 2, 2, 2, 3, 2, 2, 2, 2, 2, 2]
 [121, 4, 2, 2, 2, 3, 2, 2, 3, 2, 2, 2, 2]
 [132, 4, 2, 2, 5, 4, 2]
 [138, 4, 2, 5, 5]
 [143, 4, 2, 5, 2, 2, 2, 2, 2, 2]
 [146, 4, 2, 2, 2, 2, 2, 2, 2, 2, 2, 2, 2, 2]
 [148, 4, 2, 2, 2, 3, 2, 2, 2, 2, 2, 2, 2, 2, 2]
 [148, 4, 2, 2, 2, 3, 2, 2, 2, 2, 2, 2, 2, 2, 2]
 [161, 2, 2, 2, 3, 3, 2, 2, 2]
 [164, 2, 2, 2, 3, 3, 2, 2, 2, 2, 2]
 [169, 2, 2, 3, 2, 2, 2]
 [174, 2, 2, 2]
 [179, 2, 2, 2]
 [184, 2, 2, 2, 2, 2, 2, 2, 2, 2]
 [180, 2, 2, 2, 2, 2, 2, 2, 2, 2]
 [187, 2, 2, 2, 2, 2, 2, 2, 2, 2, 2, 2, 2, 2]
 [191, 2, 2, 2, 4, 4, 3, 2, 2, 2, 2, 2, 2, 2, 2, 2]
 [198, 2, 2, 2, 4, 4, 3, 2, 2, 2, 2, 2, 2, 2, 2, 2]
 [200, 2, 2, 2, 4, 4, 3, 3, 2, 2, 2, 2, 2, 2, 2, 2, 2]
 [212, 2, 2, 2, 3, 3, 2, 3, 2, 2, 2, 2, 2, 2, 2]
 [219, 2, 2, 2, 3, 4, 2, 3, 3, 2, 3, 3, 2, 2]
 [222, 2, 2, 2, 4, 4, 2, 3, 3, 2, 3, 2, 2]
 [233, 2, 2, 2, 2, 3, 3, 2, 3, 3, 2, 2]
 [237, 2, 2, 2, 2, 2, 2, 3, 2, 2, 2, 2, 2]
 [236, 2, 2, 2, 2, 2, 2, 2, 3, 2, 2, 2, 2, 2]
 [254, 2, 2, 2, 2, 2, 2, 3, 2, 3, 2, 2, 2, 2, 2, 2]
 [254, 2, 2, 2, 2, 2, 2, 3, 2, 3, 2, 2, 2, 2, 2, 2]
 [266, 2, 2, 2, 2, 2, 7, 2, 2, 2, 2]
 [2, 2, 276, 2, 2, 2, 2, 3]
 [2, 2, 277, 2, 2, 2, 2, 3]
 [278, 2, 2, 2, 2, 3, 2, 2, 2, 2, 2, 2, 2]
 [282, 2, 2, 2, 2, 3, 2, 2, 2, 2, 2, 2, 2]
 [290, 2, 2, 2, 2, 2, 2, 2, 2, 2, 2, 2, 2]
 [292, 2, 2, 2, 2, 2, 2, 2, 2, 2, 2, 2, 2]
 [293, 2, 2, 4, 2, 2, 2, 2, 2]
 [294, 2, 2, 4, 2, 2, 2, 2, 2, 2]
 [300, 2, 2, 4, 3, 2, 2, 2, 2, 2]
 [300, 2, 2, 4, 3, 2, 3, 2, 2, 2, 2]
 [305, 2, 2, 4, 3, 2, 3, 3, 2, 3, 2, 2, 2, 2, 2, 2]
 [306, 2, 2, 4, 3, 2, 3, 2, 3, 2, 2, 2, 2, 2, 2]
 [310, 2, 2, 4, 3, 2, 3, 2, 3, 2, 2, 2, 2, 2, 2]
 [313, 2, 2, 4, 3, 2, 3, 2, 3, 2, 2, 2, 2, 2, 2]
 [330, 2, 2, 4, 2, 2, 3, 2, 2, 2]
 [338, 2, 2, 4, 2, 2, 2, 2, 2, 2, 2, 2, 2, 2, 2, 2]
 [348, 2, 2, 4, 2, 2, 2, 2, 2, 2, 2, 2, 2, 2, 2, 2]
 [358, 2, 2, 4, 2, 2, 2, 2, 2, 2, 2, 2, 2, 2, 2]
 [361, 2, 2, 4, 2, 2, 2, 2, 2, 2, 2, 2, 2]
 [364, 2, 2, 4, 3, 2, 2, 2, 2, 2, 2]
 [369, 2, 2, 4, 2, 2, 2, 2, 2]
 [380, 2, 2, 4, 3, 2, 2, 2, 2]
 [385, 2, 2, 3, 2, 2, 2, 2, 2]
 [386, 2, 2, 3, 2, 2, 2, 2]
 [389, 2, 2, 4, 2, 2, 2, 2, 2, 2]
 [389, 2, 2, 4, 2, 2, 2, 2, 2, 2]
 [404, 2, 2, 2, 2, 2, 2, 2, 2, 2, 2]
 [412, 2, 2, 2, 2, 2, 2, 2, 2, 2, 2]
 [410, 2, 2, 2, 2, 2, 2, 2, 2, 2, 2, 2]
 [409, 2, 3, 2, 2, 2, 2, 2, 2, 2, 2]
 [422, 2, 2, 2, 2, 3, 2, 2]
 [428, 2, 2, 2]
 [427, 2, 2, 2]
 [423, 2, 3, 2, 2, 2, 2, 2, 2]
 [428, 2, 3, 2, 2, 2, 2, 2]
 [422, 2, 3, 2, 2, 2, 2, 2]
 [419, 2, 3, 2, 3, 2, 2, 2, 2, 2]
 [427, 2, 3, 2, 2, 3, 2, 2, 2]
 [435, 2, 2, 3, 2, 2, 2, 2, 2, 2, 2, 2, 2, 2]
 [432, 3, 2, 2, 2, 2, 2, 2, 2, 2, 2, 2, 2, 2]
 [436, 3, 2, 2, 2, 2, 2, 2, 3, 2, 2, 2, 3, 2, 2]
 [444, 2, 2, 2, 2, 2, 2, 3, 2, 2, 2, 3, 2, 2, 2, 2, 2]
 [445, 2, 2, 3, 2, 3, 3, 2, 2, 2, 3, 2, 2, 2, 2, 2, 2, 2, 2, 2]
 [445, 2, 2, 3, 3, 3, 3, 2, 2, 3, 2, 2, 2, 2, 2, 2, 2, 2, 2, 2]
 [455, 2, 2, 3, 3, 5, 3, 2, 4, 3, 2, 3, 2, 2, 2, 2, 2, 2, 2, 2, 2, 2, 2]
 [446, 2, 2, 3, 5, 3, 3, 4, 3, 5, 3, 2, 2, 2, 2, 2, 2, 2, 2, 2, 2, 2]
 [447, 2, 2, 3, 7, 3, 3, 4, 3, 5, 3, 2, 2, 2, 2, 2, 2, 2, 2, 2, 2]
 [453, 2, 2, 9, 3, 4, 3, 5, 3, 3, 2, 2, 2, 2, 2, 2, 2, 2, 2, 2]
 [472, 2, 13, 7, 3, 2, 4, 2, 2, 2, 2, 2, 2]
 [479, 2, 13, 8, 3, 3, 5, 2, 2, 2, 2, 2, 2, 2]
 [504, 2, 3, 5, 2, 2, 2, 2, 2, 2, 2, 2, 2, 2, 2, 2, 2, 2, 2]
 [503, 2, 3, 5, 2, 2, 2, 2, 2, 2, 2, 2, 2, 2, 2, 2, 2, 2]
 [519, 2, 3, 3, 2, 2, 2, 2, 2, 2, 2, 2, 2, 2, 2]
 [531, 2, 3, 3, 2, 2, 2, 2, 2, 2, 2, 2, 2, 2]
 [526, 2, 3, 3, 2, 2, 2, 2, 2, 2, 2, 2, 2, 2]
 [539, 3, 3, 3, 3, 2, 2, 2, 2, 2, 2]
 [551, 3, 3, 2, 2, 2, 2, 2, 2, 2, 2, 2, 2, 2]
 [555, 3, 3, 2, 2, 2, 2, 2, 2, 2, 2, 2, 2, 2, 2, 2, 2, 2, 2, 2]
 [560, 3, 3, 3, 2, 2, 2, 2, 2, 2, 2, 2, 2, 2, 2, 2, 2, 2]
 [558, 3, 3, 3, 2, 2, 2, 2, 2, 2, 2, 2, 2, 2, 2, 2, 2, 2]
 [572, 3, 2, 2, 2, 2, 2, 2, 2, 2, 2, 2, 2, 2, 2, 2]
 [577, 2, 2, 2, 2, 3, 2, 2, 2, 2, 2, 2]
 [576, 2, 2, 3, 2, 2, 2, 2, 2]
 [581, 2, 3, 2, 2, 2, 2, 2, 2, 2, 2]
 [577, 2, 3, 2, 2, 2, 2, 2, 2, 2, 2]
 [582, 2, 2, 2, 2, 2, 2, 2, 2, 2]
 [580, 2, 4, 2, 3, 2, 2, 2, 2, 2, 2, 2]
 [587, 2, 4, 2, 3, 2, 3, 2, 2, 2, 2, 2, 2, 2, 2, 2, 2, 2, 2]
 [597, 2, 6, 3, 3, 2, 2, 2, 2, 2, 2, 2, 2, 2, 2, 2, 2, 2]
 [600, 2, 3, 3, 2, 2, 2, 2, 2, 2, 2, 2, 2, 2, 2, 2, 2, 2]
 [602, 2, 3, 3, 2, 2, 2, 2, 2, 2, 2, 2, 3, 2, 2, 2, 2]
 [619, 2, 4, 3, 2, 2, 2, 2, 3, 2, 2, 2, 2]
 [619, 2, 4, 3, 2, 2, 2, 2, 3, 2, 2, 2, 2, 2, 2]
 [634, 3, 5, 2, 2, 3, 2, 2, 2, 2, 2]
 [634, 3, 5, 2, 2, 2, 2, 2, 2, 2, 2, 2, 2, 2, 2]
 [644, 3, 2, 2, 2, 2, 2, 2, 2, 2, 2, 2, 2, 2, 2, 2, 2, 2]
 [647, 3, 2, 2, 2, 2, 2, 2, 2, 2, 2, 2, 2, 2, 2, 2, 2, 2]
 [663, 2, 2, 2, 2, 2, 2, 2, 2, 2, 2, 2, 2, 2, 2, 2, 2, 2, 2, 2, 2]
 [664, 2, 2, 2, 2, 2, 2, 2, 2, 2, 2, 2, 2, 2, 2, 2, 2]
 [668, 2, 2, 2, 2, 2, 2, 2, 2, 2, 2, 2, 2, 2, 2, 2, 2, 2, 2, 2, 2, 2, 2, 2]
 [683, 2, 2, 2, 2, 2, 2, 2, 2, 2, 2, 2, 2, 2, 2, 2, 2, 2, 2, 2, 2, 2, 2, 2, 2]
 [694, 2, 3, 2, 2, 2, 2, 2, 2, 2, 4, 3, 2, 2, 2, 2, 2, 2, 2, 2, 2, 2, 2, 2, 2, 2, 2, 2, 2, 2]
 [695, 2, 3, 2, 2, 2, 2, 2, 2, 2, 4, 3, 2, 2, 2, 2, 2, 2, 2, 2, 2, 2, 2, 2, 2, 2, 2, 2, 2, 2, 2, 2, 2]
 [711, 2, 3, 3, 2, 3, 2, 2, 2, 4, 3, 2, 2, 2, 2, 2, 2, 2, 2, 2, 2, 2, 2, 2, 2, 2, 2, 2, 2, 2, 2, 2, 2, 2]
 [733, 2, 3, 3, 3, 2, 3, 2, 2, 2, 2, 2, 3, 2, 2, 2, 2, 2, 2, 2, 2, 2, 2, 2, 2, 2]
 [731, 2, 2, 3, 3, 5, 2, 3, 2, 2, 2, 3, 2, 3, 2, 2, 2, 2, 2, 3, 2, 2, 2, 2, 2, 2]
 [721, 2, 6, 3, 5, 2, 3, 2, 2, 3, 2, 3, 2, 3, 2, 2, 2, 3, 2, 3, 2, 2, 2, 2, 2, 2, 2, 2, 2, 2]
 [730, 2, 6, 3, 5, 2, 3, 2, 3, 3, 3, 2, 2, 2, 3, 2, 4, 2, 2, 2, 2, 2, 2, 2, 2, 2, 2]
 [738, 6, 3, 5, 2, 2, 4, 3, 2, 2, 2, 3, 2, 4, 2, 2, 2, 2, 2, 2, 2, 2, 2]
 [743, 2, 3, 5, 2, 4, 4, 2, 2, 3, 4, 2, 2, 2, 2, 2, 2, 2, 2, 2, 2]
 [750, 2, 3, 5, 4, 2, 2, 4, 2, 2, 2, 2, 2, 2, 2, 2, 2, 2, 2, 2, 2, 2]
 [757, 2, 3, 5, 2, 2, 2, 2, 2, 2, 2, 2, 2, 2, 2, 2, 2, 2, 2, 2]
 [767, 2, 2, 2, 2, 2, 4, 2, 2, 2, 2, 2, 2, 2, 2, 2, 2, 2]
 [783, 2, 2, 2, 2, 2, 2, 2, 2, 2, 2, 2, 2]
 [798, 2, 2, 2, 2, 2, 2, 2, 2, 2, 2, 2, 2, 2, 2]
 [796, 2, 2, 2, 2, 2, 2, 2, 2, 2, 2, 2, 2, 2, 2, 2]
 [795, 2, 2, 2, 3, 2, 2, 2, 2, 2, 2, 2, 2, 2, 2, 2]
 [794, 2, 2, 2, 3, 2, 2, 2, 2, 2, 2, 2, 2, 2, 2]
 [789, 2, 2, 2, 2, 2, 2, 2, 2, 2, 2, 2, 2, 2, 2, 2, 2, 2, 2, 2, 2]
 [793, 2, 2, 2, 2, 2, 2, 2, 2, 2, 2, 2, 2, 2, 2, 2, 2, 2, 2, 2]
 [799, 2, 2, 2, 2, 2, 3, 2, 2, 2, 2, 2, 2, 2, 2, 2, 2, 2]
 [804, 2, 2, 2, 2, 2, 3, 2, 2, 2, 2, 2, 2, 2, 2, 2, 2]
 [809, 2, 2, 2, 2, 2, 3, 2, 2, 2, 2, 2, 2, 2, 3, 2, 2, 2]
 [809, 2, 2, 2, 2, 3, 2, 2, 2, 2, 2, 2, 2, 3, 2, 2, 2]
 [798, 2, 6, 2, 2, 2, 3, 2, 2, 2, 2, 2, 2, 3, 2, 2, 2, 2]
 [809, 2, 2, 4, 2, 2, 3, 2, 2, 2, 2, 2, 2]
 [814, 2, 2, 5, 2, 5, 2, 3, 2, 2, 2, 2]
 [820, 2, 2, 5, 2, 5, 3, 3, 2, 2, 2, 2, 2, 2]
 [827, 2, 2, 2, 2, 3, 3, 3, 2, 2, 2, 2, 2]
 [823, 2, 2, 2, 2, 3, 3, 2, 2, 2, 2, 2, 2]
 [834, 2, 2, 3, 2, 2, 3, 3, 3, 2, 2, 2, 2, 2]
 [831, 2, 2, 3, 2, 2, 3, 3, 2, 2, 2, 2, 2]
 [830, 2, 2, 3, 2, 3, 2, 2, 2, 2, 2, 2, 2]
 [827, 2, 3, 2, 2, 2, 2, 2, 2]
 [820, 2, 3, 2, 2, 2, 2, 2, 2]
 [811, 2, 3, 2, 2, 2, 2, 2, 2]
 [813, 2, 2, 3, 2, 2, 2, 2]
 [820, 2, 2, 3, 2, 2, 2, 2, 2, 2]
 [821, 2, 2, 3, 3, 2, 2, 2, 2, 2, 2, 2]
 [811, 2, 2, 3, 3, 2, 2, 2, 2, 2, 2, 2, 2]
 [812, 2, 3, 3, 2, 2, 2, 2, 2, 2, 2]
 [813, 2, 3, 3, 2, 2, 2, 2, 2, 2]
 [823, 2, 3, 3, 3, 3, 2, 2, 3, 2]
 [815, 2, 2, 3, 3, 3, 3, 2, 2, 3, 2]
 [820, 2, 2, 3, 3, 3, 3, 2, 2, 2, 2]
 [819, 2, 2, 2, 3, 3, 3, 2, 2, 2, 2]
 [815, 2, 2, 2, 3, 3, 3, 3, 2, 2, 2, 2]
 [815, 2, 2, 2, 2, 3, 3, 3, 2, 2, 2, 2]
 [826, 2, 2, 2, 3, 2, 2, 2]
 [823, 2, 2, 3, 2, 2, 2, 2, 2, 2, 2]
 [828, 2, 2, 3, 2, 2, 2, 2, 2, 2, 2, 2]
 [823, 2, 3, 2, 2, 2, 2, 2, 2, 2]
 [823, 2, 3, 2, 2, 2, 2, 2, 2, 2]
 [823, 2, 3, 2, 4, 2, 2, 2]
 [834, 3, 4, 2, 3, 2, 2, 2, 2, 2]
 [829, 3, 4, 2, 3, 2, 2, 2, 2, 2]
 [828, 3, 4, 2, 3, 2, 2, 2, 2, 2, 2]
 [823, 2, 3, 4, 2, 3, 2, 3, 2, 3, 2, 2]
 [827, 2, 3, 4, 2, 3, 3, 2, 2]
 [827, 2, 2, 3, 5, 2, 3, 3, 2, 2, 2]
 [818, 2, 2, 3, 5, 2, 3, 4, 2, 2, 2, 2]
 [822, 2, 2, 2, 2, 3, 2, 4, 2, 2, 2, 2]
 [811, 2, 2, 2, 2, 3, 2, 4, 2, 2, 2]
 [814, 2, 2, 2, 2, 3, 2, 2, 2, 2, 2, 2]
 [821, 2, 2, 2, 3, 2, 2, 2, 2, 2, 2, 2]
 [824, 2, 2, 2, 2, 3, 2, 2, 2, 2, 2]
 [809, 2, 2, 2, 3, 2, 2, 2, 2, 2, 2, 2, 2]
 [804, 2, 2, 3, 2, 2, 2, 2, 2, 2, 2]
 [802, 2, 3, 2, 2, 2, 2, 2, 2, 2, 2]
 [801, 2, 3, 2, 2, 2, 2, 2, 2, 2, 2]
 [794, 3, 2, 2, 2, 2, 2, 2, 2, 2]
 [788, 3, 2, 2, 2, 2, 2, 2, 2, 2]
 [796, 2, 2, 2, 2, 2, 4, 2]
 [793, 2, 2, 2, 2, 2, 2, 4, 2]
 [801, 2, 2, 2, 2, 2, 2, 4, 2, 2, 2, 2]
 [799, 2, 2, 2, 2, 2, 4, 2, 2, 2, 2, 2, 2, 2]
 [810, 2, 2, 2, 2, 2, 2, 2, 2, 2, 2]
 [818, 2, 2, 2, 2, 2, 2, 2, 2, 2, 2, 2]
 [808, 2, 2, 2, 2, 2, 2, 2, 2, 2]
 [806, 2, 2, 2, 2, 2, 2, 2, 2, 2]
 [807, 2, 2, 2, 2, 2, 2, 2, 2, 2, 2]
 [808, 2, 2, 2, 4, 2, 2, 2, 2, 2]