fighter,nFights
0,1
1,5
2,4
3,4
4,1
5,5
6,4
7,2
8,0
9,2
10,4
11,3
12,4
13,3
14,3
15,1
16,5
17,4
18,4
19,1
20,4
21,3
22,4
23,7
24,5
25,2
26,4
27,3
28,6
29,7
30,3
31,3
32,5
33,6
34,3
35,4
36,2
37,3
38,3
39,3
40,1
41,5
42,2
43,3
44,3
45,6
46,5
47,4
48,5
49,5
50,2
51,4
52,5
53,5
54,2
55,5
56,4
57,3
58,4
59,6
60,3
61,2
62,6
63,2
64,3
65,3
66,3
67,7
68,5
69,1
70,4
71,3
72,6
73,3
74,5
75,4
76,5
77,3
78,4
79,4
80,3
81,5
82,6
83,3
84,2
85,3
86,5
87,1
88,5
89,2
90,2
91,3
92,6
93,1
94,4
95,7
96,1
97,3
98,4
99,1
100,4
101,3
102,6
103,2
104,1
105,4
106,3
107,6
108,3
109,4
110,1
111,1
112,3
113,3
114,4
115,5
116,2
117,2
118,2
119,7
120,6
121,2
122,1
123,6
124,8
125,2
126,1
127,6
128,2
129,1
130,1
131,6
132,3
133,4
134,6
135,4
136,6
137,6
138,2
139,5
140,4
141,4
142,3
143,6
144,5
145,5
146,4
147,6
148,1
149,3
150,2
151,2
152,2
153,3
154,3
155,5
156,2
157,2
158,1
159,6
160,2
161,5
162,0
163,2
164,3
165,5
166,4
167,3
168,5
169,3
170,5
171,2
172,4
173,3
174,1
175,1
176,5
177,6
178,1
179,8
180,4
181,3
182,4
183,5
184,7
185,3
186,3
187,3
188,1
189,4
190,4
191,4
192,2
193,2
194,5
195,6
196,6
197,2
198,3
199,1
200,5
201,4
202,4
203,1
204,3
205,4
206,6
207,4
208,4
209,7
210,7
211,6
212,7
213,1
214,2
215,3
216,5
217,3
218,6
219,2
220,2
221,2
222,4
223,3
224,5
225,6
226,2
227,3
228,4
229,6
230,6
231,3
232,6
233,5
234,1
235,7
236,4
237,1
238,5
239,5
240,4
241,2
242,3
243,4
244,1
245,4
246,3
247,3
248,5
249,6
250,1
251,4
252,6
253,3
254,2
255,1
256,1
257,2
258,4
259,3
260,3
261,3
262,2
263,1
264,5
265,1
266,2
267,7
268,2
269,2
270,4
271,3
272,3
273,5
274,6
275,4
276,3
277,2
278,4
279,5
280,2
281,3
282,3
283,2
284,6
285,4
286,4
287,4
288,1
289,1
290,4
291,5
292,3
293,5
294,5
295,6
296,6
297,5
298,1
299,2
300,6
301,4
302,3
303,7
304,5
305,1
306,4
307,1
308,3
309,5
310,4
311,3
312,4
313,3
314,4
315,4
316,3
317,3
318,3
319,2
320,4
321,1
322,8
323,5
324,4
325,3
326,2
327,5
328,5
329,3
330,6
331,5
332,3
333,2
334,3
335,3
336,3
337,2
338,3
339,3
340,3
341,3
342,1
343,3
344,2
345,4
346,2
347,2
348,3
349,3
350,8
351,2
352,4
353,2
354,4
355,3
356,7
357,2
358,5
359,4
360,1
361,3
362,2
363,3
364,6
365,7
366,3
367,5
368,6
369,2
370,5
371,5
372,4
373,3
374,3
375,8
376,6
377,4
378,4
379,3
380,3
381,5
382,4
383,5
384,4
385,3
386,3
387,8
388,2
389,2
390,5
391,5
392,2
393,3
394,1
395,4
396,6
397,2
398,4
399,3
400,4
401,8
402,1
403,1
404,3
405,3
406,4
407,4
408,3
409,6
410,1
411,4
412,5
413,8
414,5
415,1
416,9
417,4
418,3
419,6
420,2
421,2
422,3
423,3
424,5
425,3
426,1
427,3
428,2
429,1
430,4
431,4
432,8
433,1
434,4
435,4
436,2
437,4
438,3
439,6
440,3
441,4
442,3
443,6
444,1
445,4
446,5
447,3
448,1
449,5
450,4
451,5
452,5
453,3
454,1
455,2
456,2
457,4
458,3
459,5
460,2
461,2
462,1
463,3
464,3
465,4
466,3
467,5
468,3
469,2
470,5
471,1
472,4
473,3
474,4
475,1
476,4
477,5
478,4
479,6
480,2
481,3
482,6
483,6
484,2
485,7
486,2
487,2
488,2
489,1
490,3
491,5
492,3
493,4
494,4
495,4
496,1
497,2
498,2
499,9
500,5
501,4
502,5
503,1
504,5
505,1
506,3
507,5
508,4
509,5
510,4
511,9
512,3
513,2
514,2
515,3
516,2
517,5
518,4
519,5
520,2
521,6
522,2
523,4
524,3
525,2
526,6
527,4
528,3
529,2
530,4
531,3
532,2
533,6
534,4
535,2
536,4
537,6
538,3
539,1
540,6
541,3
542,6
543,4
544,1
545,2
546,7
547,4
548,1
549,1
550,4
551,2
552,1
553,3
554,4
555,2
556,4
557,3
558,1
559,6
560,2
561,6
562,4
563,2
564,6
565,3
566,3
567,1
568,2
569,2
570,4
571,3
572,2
573,5
574,2
575,3
576,3
577,3
578,4
579,5
580,4
581,4
582,4
583,3
584,2
585,2
586,3
587,5
588,3
589,5
590,4
591,3
592,3
593,6
594,3
595,4
596,4
597,4
598,3
599,3
600,4
601,3
602,5
603,4
604,2
605,5
606,2
607,6
608,9
609,4
610,1
611,3
612,5
613,6
614,5
615,7
616,3
617,1
618,2
619,3
620,3
621,5
622,6
623,3
624,2
625,1
626,1
627,5
628,5
629,6
630,2
631,4
632,2
633,7
634,6
635,3
636,4
637,4
638,3
639,2
640,4
641,4
642,4
643,4
644,2
645,4
646,5
647,2
648,5
649,2
650,7
651,6
652,5
653,7
654,1
655,5
656,9
657,7
658,2
659,5
660,6
661,4
662,3
663,5
664,6
665,6
666,5
667,3
668,2
669,7
670,1
671,2
672,3
673,2
674,5
675,3
676,1
677,3
678,3
679,6
680,5
681,3
682,3
683,4
684,5
685,5
686,7
687,6
688,1
689,2
690,3
691,2
692,6
693,1
694,2
695,5
696,4
697,1
698,2
699,4
700,5
701,7
702,3
703,5
704,2
705,3
706,1
707,2
708,4
709,2
710,3
711,4
712,3
713,3
714,4
715,5
716,1
717,5
718,3
719,4
720,1
721,4
722,2
723,3
724,2
725,3
726,4
727,4
728,1
729,5
730,5
731,1
732,1
733,1
734,7
735,2
736,7
737,6
738,5
739,3
740,5
741,4
742,5
743,7
744,2
745,5
746,2
747,7
748,5
749,5
750,2
751,3
752,5
753,3
754,1
755,5
756,3
757,5
758,5
759,4
760,2
761,3
762,2
763,4
764,3
765,3
766,5
767,2
768,3
769,4
770,3
771,3
772,3
773,2
774,4
775,2
776,6
777,3
778,4
779,3
780,3
781,2
782,2
783,5
784,8
785,1
786,4
787,1
788,1
789,4
790,4
791,6
792,5
793,10
794,2
795,7
796,3
797,5
798,2
799,5
800,2
801,3
802,2
803,2
804,7
805,4
806,4
807,1
808,2
809,1
810,2
811,2
812,8
813,3
814,1
815,2
816,6
817,6
818,4
819,4
820,3
821,5
822,1
823,5
824,4
825,2
826,4
827,6
828,2
829,2
830,3
831,6
832,5
833,5
834,1
835,4
836,1
837,2
838,7
839,4
840,4
841,2
842,4
843,4
844,1
845,2
846,4
847,2
848,3
849,5
850,4
851,7
852,2
853,1
854,4
855,7
856,1
857,3
858,6
859,3
860,6
861,6
862,3
863,2
864,3
865,4
866,3
867,1
868,5
869,8
870,2
871,5
872,2
873,1
874,5
875,2
876,3
877,2
878,2
879,4
880,3
881,7
882,4
883,2
884,6
885,9
886,2
887,7
888,3
889,4
890,4
891,2
892,3
893,1
894,3
895,2
896,3
897,2
898,4
899,2
900,4
901,3
902,5
903,3
904,2
905,5
906,3
907,2
908,2
909,4
910,2
911,5
912,3
913,5
914,5
915,1
916,2
917,1
918,4
919,1
920,6
921,4
922,1
923,1
924,8
925,4
926,3
927,2
928,1
929,3
930,3
931,4
932,2
933,2
934,1
935,6
936,1
937,4
938,2
939,8
940,2
941,2
942,5
943,5
944,1
945,2
946,2
947,6
948,4
949,4
950,5
951,5
952,4
953,4
954,8
955,4
956,3
957,2
958,6
959,1
960,1
961,3
962,3
963,5
964,3
965,3
966,4
967,5
968,4
969,5
970,2
971,3
972,3
973,5
974,7
975,4
976,2
977,2
978,6
979,2
980,2
981,4
982,4
983,4
984,3
985,3
986,6
987,2
988,3
989,6
990,3
991,4
992,4
993,4
994,5
995,5
996,5
997,2
998,3
999,1
