fighter,nFights
0,5
1,9
2,8
3,2
4,7
5,4
6,6
7,8
8,3
9,3
10,5
11,6
12,1
13,5
14,5
15,1
16,4
17,3
18,8
19,4
20,3
21,3
22,2
23,1
24,5
25,1
26,4
27,4
28,4
29,3
30,1
31,3
32,3
33,2
34,8
35,4
36,1
37,4
38,3
39,5
40,5
41,2
42,3
43,7
44,4
45,7
46,4
47,4
48,4
49,5
50,3
51,1
52,2
53,4
54,6
55,5
56,3
57,2
58,5
59,3
60,3
61,5
62,6
63,5
64,2
65,4
66,2
67,7
68,4
69,4
70,3
71,8
72,6
73,5
74,7
75,3
76,2
77,4
78,3
79,5
80,1
81,2
82,3
83,3
84,5
85,5
86,6
87,5
88,1
89,2
90,2
91,3
92,5
93,5
94,2
95,2
96,2
97,7
98,4
99,5
100,1
101,3
102,5
103,3
104,2
105,5
106,9
107,2
108,3
109,3
110,4
111,3
112,4
113,4
114,6
115,3
116,6
117,2
118,7
119,3
120,4
121,4
122,6
123,1
124,4
125,4
126,2
127,6
128,4
129,3
130,2
131,6
132,2
133,5
134,4
135,4
136,1
137,5
138,2
139,5
140,6
141,5
142,3
143,3
144,4
145,2
146,4
147,3
148,5
149,7
150,3
151,5
152,6
153,3
154,3
155,8
156,4
157,7
158,4
159,2
160,4
161,4
162,3
163,6
164,1
165,3
166,3
167,1
168,4
169,1
170,5
171,3
172,5
173,2
174,2
175,3
176,3
177,3
178,4
179,5
180,9
181,3
182,2
183,1
184,5
185,4
186,3
187,1
188,5
189,5
190,2
191,6
192,4
193,7
194,3
195,6
196,4
197,1
198,4
199,3
200,5
201,3
202,4
203,3
204,4
205,2
206,3
207,1
208,8
209,2
210,4
211,5
212,5
213,4
214,3
215,6
216,4
217,2
218,5
219,2
220,3
221,2
222,1
223,3
224,1
225,6
226,4
227,2
228,7
229,5
230,5
231,3
232,3
233,4
234,1
235,5
236,3
237,2
238,3
239,5
240,6
241,3
242,1
243,4
244,3
245,4
246,3
247,4
248,3
249,4
250,3
251,6
252,1
253,4
254,6
255,2
256,2
257,2
258,4
259,3
260,4
261,4
262,2
263,3
264,2
265,6
266,2
267,2
268,1
269,1
270,6
271,2
272,2
273,5
274,2
275,1
276,2
277,4
278,5
279,2
280,5
281,3
282,1
283,1
284,3
285,5
286,2
287,5
288,2
289,3
290,5
291,5
292,4
293,4
294,1
295,2
296,2
297,2
298,4
299,1
300,3
301,5
302,3
303,2
304,6
305,1
306,2
307,5
308,4
309,1
310,2
311,6
312,2
313,3
314,9
315,2
316,7
317,3
318,2
319,1
320,4
321,2
322,2
323,4
324,3
325,5
326,4
327,4
328,3
329,5
330,2
331,3
332,1
333,3
334,5
335,4
336,3
337,5
338,3
339,5
340,1
341,4
342,5
343,1
344,6
345,6
346,3
347,3
348,2
349,5
350,7
351,2
352,4
353,4
354,6
355,7
356,3
357,2
358,3
359,2
360,1
361,3
362,3
363,5
364,3
365,5
366,5
367,1
368,7
369,4
370,3
371,1
372,4
373,4
374,1
375,2
376,1
377,1
378,2
379,3
380,5
381,4
382,2
383,3
384,2
385,6
386,6
387,1
388,4
389,4
390,9
391,1
392,5
393,9
394,8
395,4
396,3
397,2
398,4
399,4
400,5
401,2
402,4
403,2
404,3
405,2
406,4
407,2
408,2
409,5
410,5
411,4
412,7
413,2
414,7
415,4
416,4
417,3
418,4
419,6
420,1
421,6
422,6
423,4
424,4
425,3
426,4
427,3
428,5
429,1
430,4
431,2
432,3
433,4
434,7
435,4
436,6
437,6
438,5
439,5
440,6
441,7
442,6
443,1
444,3
445,3
446,2
447,4
448,4
449,4
450,1
451,4
452,3
453,1
454,3
455,1
456,3
457,2
458,3
459,2
460,4
461,2
462,2
463,4
464,4
465,7
466,2
467,3
468,1
469,2
470,3
471,6
472,6
473,5
474,1
475,4
476,3
477,2
478,6
479,6
480,3
481,2
482,6
483,3
484,2
485,2
486,2
487,1
488,2
489,1
490,3
491,4
492,4
493,3
494,5
495,4
496,5
497,5
498,2
499,1
500,4
501,5
502,3
503,3
504,3
505,4
506,3
507,1
508,5
509,6
510,3
511,3
512,4
513,4
514,3
515,5
516,1
517,2
518,5
519,5
520,2
521,2
522,3
523,2
524,1
525,3
526,4
527,5
528,4
529,2
530,1
531,3
532,3
533,2
534,4
535,5
536,2
537,2
538,3
539,1
540,3
541,5
542,5
543,1
544,2
545,4
546,3
547,1
548,5
549,2
550,3
551,4
552,3
553,2
554,5
555,5
556,4
557,4
558,3
559,5
560,1
561,6
562,2
563,7
564,6
565,5
566,1
567,1
568,4
569,6
570,1
571,3
572,1
573,6
574,3
575,5
576,3
577,4
578,6
579,6
580,2
581,5
582,4
583,2
584,3
585,4
586,4
587,1
588,4
589,1
590,2
591,3
592,3
593,3
594,4
595,5
596,3
597,8
598,3
599,3
600,1
601,3
602,2
603,4
604,7
605,5
606,6
607,6
608,7
609,3
610,7
611,4
612,6
613,3
614,3
615,4
616,3
617,2
618,2
619,3
620,2
621,4
622,2
623,3
624,3
625,2
626,2
627,2
628,2
629,7
630,7
631,2
632,5
633,5
634,3
635,4
636,2
637,4
638,5
639,4
640,4
641,4
642,4
643,5
644,4
645,4
646,1
647,3
648,4
649,2
650,2
651,6
652,4
653,4
654,3
655,3
656,3
657,4
658,2
659,2
660,6
661,2
662,9
663,3
664,1
665,3
666,4
667,6
668,4
669,6
670,4
671,6
672,2
673,1
674,4
675,1
676,1
677,2
678,2
679,3
680,3
681,1
682,2
683,3
684,6
685,3
686,1
687,3
688,3
689,4
690,7
691,4
692,3
693,4
694,2
695,2
696,6
697,5
698,5
699,4
700,3
701,8
702,6
703,2
704,3
705,3
706,1
707,5
708,4
709,5
710,5
711,2
712,6
713,2
714,3
715,2
716,8
717,2
718,2
719,6
720,1
721,4
722,6
723,4
724,2
725,5
726,2
727,3
728,2
729,6
730,6
731,5
732,5
733,2
734,5
735,4
736,2
737,2
738,3
739,5
740,3
741,5
742,3
743,2
744,3
745,7
746,3
747,4
748,7
749,5
750,4
751,2
752,4
753,5
754,4
755,4
756,3
757,1
758,10
759,5
760,1
761,5
762,4
763,3
764,4
765,5
766,6
767,4
768,4
769,2
770,1
771,2
772,2
773,3
774,6
775,7
776,2
777,4
778,2
779,1
780,6
781,3
782,4
783,4
784,2
785,3
786,5
787,5
788,8
789,5
790,2
791,1
792,1
793,6
794,3
795,3
796,1
797,4
798,1
799,2
800,5
801,1
802,3
803,4
804,5
805,6
806,2
807,2
808,1
809,1
810,4
811,3
812,7
813,4
814,2
815,3
816,4
817,4
818,2
819,1
820,2
821,3
822,3
823,2
824,5
825,8
826,3
827,4
828,5
829,3
830,3
831,6
832,3
833,7
834,3
835,1
836,1
837,3
838,4
839,4
840,3
841,1
842,5
843,3
844,1
845,4
846,6
847,5
848,1
849,5
850,4
851,4
852,6
853,5
854,4
855,1
856,6
857,4
858,3
859,4
860,6
861,6
862,3
863,8
864,5
865,5
866,5
867,1
868,2
869,2
870,4
871,5
872,1
873,7
874,5
875,2
876,4
877,3
878,3
879,4
880,2
881,7
882,3
883,2
884,2
885,1
886,2
887,4
888,1
889,3
890,4
891,1
892,2
893,3
894,5
895,3
896,3
897,6
898,1
899,4
900,1
901,1
902,3
903,1
904,3
905,8
906,10
907,10
908,3
909,3
910,5
911,2
912,1
913,7
914,2
915,1
916,5
917,1
918,5
919,5
920,4
921,1
922,3
923,2
924,2
925,1
926,4
927,2
928,5
929,3
930,8
931,3
932,1
933,3
934,5
935,5
936,1
937,5
938,1
939,2
940,3
941,3
942,4
943,3
944,1
945,9
946,5
947,4
948,5
949,4
950,2
951,4
952,6
953,7
954,3
955,1
956,2
957,4
958,4
959,1
960,3
961,4
962,2
963,7
964,2
965,5
966,3
967,1
968,4
969,3
970,4
971,4
972,1
973,2
974,2
975,5
976,2
977,6
978,6
979,4
980,4
981,3
982,2
983,1
984,1
985,3
986,4
987,6
988,3
989,1
990,4
991,8
992,1
993,2
994,5
995,4
996,4
997,3
998,4
999,5
